plan_index,t_plan,instrument,t_img
0,0.0,sar,280.0
0,0.0,sar,300.0
0,0.0,sar,320.0
0,0.0,sar,330.0
0,0.0,sar,340.0
0,0.0,sar,500.0
1,100.0,sar,280.0
1,100.0,sar,300.0
1,100.0,sar,320.0
1,100.0,sar,330.0
1,100.0,sar,340.0
1,100.0,sar,500.0
1,100.0,sar,510.0
1,100.0,sar,520.0
1,100.0,sar,560.0
1,100.0,sar,580.0
1,100.0,sar,590.0
2,200.0,sar,280.0
2,200.0,sar,300.0
2,200.0,sar,320.0
2,200.0,sar,330.0
2,200.0,sar,340.0
2,200.0,sar,500.0
2,200.0,sar,510.0
2,200.0,sar,520.0
2,200.0,sar,560.0
2,200.0,sar,580.0
2,200.0,sar,590.0
2,200.0,sar,610.0
2,200.0,sar,630.0
2,200.0,sar,640.0
2,200.0,sar,650.0
2,200.0,sar,680.0
3,300.0,sar,300.0
3,300.0,sar,320.0
3,300.0,sar,330.0
3,300.0,sar,340.0
3,300.0,sar,500.0
3,300.0,sar,510.0
3,300.0,sar,520.0
3,300.0,sar,560.0
3,300.0,sar,580.0
3,300.0,sar,590.0
3,300.0,sar,610.0
3,300.0,sar,630.0
3,300.0,sar,640.0
3,300.0,sar,650.0
3,300.0,sar,680.0
3,300.0,sar,710.0
3,300.0,sar,750.0
3,300.0,sar,760.0
3,300.0,sar,780.0
3,300.0,sar,800.0
4,400.0,sar,500.0
4,400.0,sar,510.0
4,400.0,sar,520.0
4,400.0,sar,560.0
4,400.0,sar,580.0
4,400.0,sar,590.0
4,400.0,sar,610.0
4,400.0,sar,630.0
4,400.0,sar,640.0
4,400.0,sar,650.0
4,400.0,sar,680.0
4,400.0,sar,710.0
4,400.0,sar,750.0
4,400.0,sar,760.0
4,400.0,sar,780.0
4,400.0,sar,800.0
4,400.0,sar,810.0
4,400.0,sar,820.0
4,400.0,sar,830.0
4,400.0,sar,840.0
4,400.0,sar,850.0
4,400.0,sar,860.0
4,400.0,sar,870.0
4,400.0,sar,880.0
4,400.0,sar,890.0
4,400.0,sar,900.0
5,500.0,sar,500.0
5,500.0,sar,510.0
5,500.0,sar,520.0
5,500.0,sar,560.0
5,500.0,sar,580.0
5,500.0,sar,590.0
5,500.0,sar,610.0
5,500.0,sar,630.0
5,500.0,sar,640.0
5,500.0,sar,650.0
5,500.0,sar,680.0
5,500.0,sar,710.0
5,500.0,sar,750.0
5,500.0,sar,760.0
5,500.0,sar,780.0
5,500.0,sar,800.0
5,500.0,sar,810.0
5,500.0,sar,820.0
5,500.0,sar,830.0
5,500.0,sar,840.0
5,500.0,sar,850.0
5,500.0,sar,860.0
5,500.0,sar,870.0
5,500.0,sar,880.0
5,500.0,sar,890.0
5,500.0,sar,900.0
5,500.0,sar,910.0
5,500.0,sar,920.0
5,500.0,sar,930.0
5,500.0,sar,940.0
5,500.0,sar,950.0
5,500.0,sar,970.0
5,500.0,sar,980.0
5,500.0,sar,990.0
5,500.0,sar,1000.0
6,600.0,sar,630.0
6,600.0,sar,640.0
6,600.0,sar,650.0
6,600.0,sar,680.0
6,600.0,sar,710.0
6,600.0,sar,750.0
6,600.0,sar,760.0
6,600.0,sar,780.0
6,600.0,sar,800.0
6,600.0,sar,810.0
6,600.0,sar,820.0
6,600.0,sar,830.0
6,600.0,sar,840.0
6,600.0,sar,850.0
6,600.0,sar,860.0
6,600.0,sar,870.0
6,600.0,sar,880.0
6,600.0,sar,890.0
6,600.0,sar,900.0
6,600.0,sar,910.0
6,600.0,sar,920.0
6,600.0,sar,930.0
6,600.0,sar,940.0
6,600.0,sar,950.0
6,600.0,sar,970.0
6,600.0,sar,980.0
6,600.0,sar,990.0
6,600.0,sar,1000.0
6,600.0,sar,1020.0
6,600.0,sar,1030.0
6,600.0,sar,1040.0
6,600.0,sar,1050.0
6,600.0,sar,1060.0
6,600.0,sar,1070.0
7,700.0,sar,750.0
7,700.0,sar,760.0
7,700.0,sar,780.0
7,700.0,sar,800.0
7,700.0,sar,810.0
7,700.0,sar,820.0
7,700.0,sar,830.0
7,700.0,sar,840.0
7,700.0,sar,850.0
7,700.0,sar,860.0
7,700.0,sar,870.0
7,700.0,sar,880.0
7,700.0,sar,890.0
7,700.0,sar,900.0
7,700.0,sar,910.0
7,700.0,sar,920.0
7,700.0,sar,930.0
7,700.0,sar,940.0
7,700.0,sar,950.0
7,700.0,sar,970.0
7,700.0,sar,980.0
7,700.0,sar,990.0
7,700.0,sar,1000.0
7,700.0,sar,1020.0
7,700.0,sar,1030.0
7,700.0,sar,1040.0
7,700.0,sar,1050.0
7,700.0,sar,1060.0
7,700.0,sar,1070.0
8,800.0,sar,800.0
8,800.0,sar,810.0
8,800.0,sar,820.0
8,800.0,sar,830.0
8,800.0,sar,840.0
8,800.0,sar,850.0
8,800.0,sar,860.0
8,800.0,sar,870.0
8,800.0,sar,880.0
8,800.0,sar,890.0
8,800.0,sar,900.0
8,800.0,sar,910.0
8,800.0,sar,920.0
8,800.0,sar,930.0
8,800.0,sar,940.0
8,800.0,sar,950.0
8,800.0,sar,970.0
8,800.0,sar,980.0
8,800.0,sar,990.0
8,800.0,sar,1000.0
8,800.0,sar,1020.0
8,800.0,sar,1030.0
8,800.0,sar,1040.0
8,800.0,sar,1050.0
8,800.0,sar,1060.0
8,800.0,sar,1070.0
8,800.0,sar,1210.0
8,800.0,sar,1240.0
9,860.0,sar,860.0
9,860.0,sar,870.0
9,860.0,sar,880.0
9,860.0,sar,890.0
9,860.0,sar,900.0
9,860.0,sar,910.0
9,860.0,sar,920.0
9,860.0,sar,930.0
9,860.0,sar,940.0
9,860.0,sar,950.0
9,860.0,sar,970.0
9,860.0,sar,980.0
9,860.0,sar,990.0
9,860.0,sar,1000.0
9,860.0,sar,1020.0
9,860.0,sar,1030.0
9,860.0,sar,1040.0
9,860.0,sar,1050.0
9,860.0,sar,1060.0
9,860.0,sar,1070.0
9,860.0,sar,1210.0
9,860.0,sar,1240.0
10,860.0,sar,870.0
10,860.0,sar,880.0
10,860.0,sar,890.0
10,860.0,sar,900.0
10,860.0,sar,910.0
10,860.0,sar,920.0
10,860.0,sar,930.0
10,860.0,sar,940.0
10,860.0,sar,950.0
10,860.0,sar,970.0
10,860.0,sar,980.0
10,860.0,sar,990.0
10,860.0,sar,1000.0
10,860.0,sar,1020.0
10,860.0,sar,1030.0
10,860.0,sar,1040.0
10,860.0,sar,1050.0
10,860.0,sar,1060.0
10,860.0,sar,1070.0
10,860.0,sar,1210.0
10,860.0,sar,1240.0
11,900.0,sar,900.0
11,900.0,sar,910.0
11,900.0,sar,920.0
11,900.0,sar,930.0
11,900.0,sar,940.0
11,900.0,sar,950.0
11,900.0,sar,970.0
11,900.0,sar,980.0
11,900.0,sar,990.0
11,900.0,sar,1000.0
11,900.0,sar,1020.0
11,900.0,sar,1030.0
11,900.0,sar,1040.0
11,900.0,sar,1050.0
11,900.0,sar,1060.0
11,900.0,sar,1070.0
11,900.0,sar,1210.0
11,900.0,sar,1240.0
12,1000.0,sar,1000.0
12,1000.0,sar,1020.0
12,1000.0,sar,1030.0
12,1000.0,sar,1040.0
12,1000.0,sar,1050.0
12,1000.0,sar,1060.0
12,1000.0,sar,1070.0
12,1000.0,sar,1210.0
12,1000.0,sar,1240.0
12,1000.0,sar,1430.0
12,1000.0,sar,1440.0
12,1000.0,sar,1460.0
12,1000.0,sar,1480.0
13,1100.0,sar,1210.0
13,1100.0,sar,1240.0
13,1100.0,sar,1430.0
13,1100.0,sar,1440.0
13,1100.0,sar,1460.0
13,1100.0,sar,1480.0
14,1200.0,sar,1220.0
14,1200.0,sar,1240.0
14,1200.0,sar,1430.0
14,1200.0,sar,1440.0
14,1200.0,sar,1460.0
14,1200.0,sar,1480.0
14,1200.0,sar,1640.0
14,1200.0,sar,1660.0
14,1200.0,sar,1680.0
14,1200.0,sar,1690.0
14,1200.0,sar,1700.0
15,1300.0,sar,1430.0
15,1300.0,sar,1440.0
15,1300.0,sar,1460.0
15,1300.0,sar,1480.0
15,1300.0,sar,1640.0
15,1300.0,sar,1660.0
15,1300.0,sar,1680.0
15,1300.0,sar,1690.0
15,1300.0,sar,1700.0
15,1300.0,sar,1710.0
15,1300.0,sar,1720.0
15,1300.0,sar,1750.0
15,1300.0,sar,1760.0
15,1300.0,sar,1770.0
15,1300.0,sar,1780.0
15,1300.0,sar,1790.0
15,1300.0,sar,1800.0
16,1400.0,sar,1440.0
16,1400.0,sar,1460.0
16,1400.0,sar,1480.0
16,1400.0,sar,1640.0
16,1400.0,sar,1660.0
16,1400.0,sar,1680.0
16,1400.0,sar,1690.0
16,1400.0,sar,1700.0
16,1400.0,sar,1710.0
16,1400.0,sar,1720.0
16,1400.0,sar,1750.0
16,1400.0,sar,1760.0
16,1400.0,sar,1770.0
16,1400.0,sar,1780.0
16,1400.0,sar,1790.0
16,1400.0,sar,1800.0
16,1400.0,sar,1810.0
16,1400.0,sar,1820.0
16,1400.0,sar,1830.0
16,1400.0,sar,1850.0
16,1400.0,sar,1870.0
16,1400.0,sar,1880.0
16,1400.0,sar,1900.0
17,1500.0,sar,1640.0
17,1500.0,sar,1660.0
17,1500.0,sar,1680.0
17,1500.0,sar,1690.0
17,1500.0,sar,1700.0
17,1500.0,sar,1710.0
17,1500.0,sar,1720.0
17,1500.0,sar,1750.0
17,1500.0,sar,1760.0
17,1500.0,sar,1770.0
17,1500.0,sar,1780.0
17,1500.0,sar,1790.0
17,1500.0,sar,1800.0
17,1500.0,sar,1810.0
17,1500.0,sar,1820.0
17,1500.0,sar,1830.0
17,1500.0,sar,1850.0
17,1500.0,sar,1870.0
17,1500.0,sar,1880.0
17,1500.0,sar,1900.0
17,1500.0,sar,1910.0
17,1500.0,sar,1990.0
17,1500.0,sar,2000.0
18,1600.0,sar,1640.0
18,1600.0,sar,1660.0
18,1600.0,sar,1680.0
18,1600.0,sar,1690.0
18,1600.0,sar,1700.0
18,1600.0,sar,1710.0
18,1600.0,sar,1720.0
18,1600.0,sar,1750.0
18,1600.0,sar,1760.0
18,1600.0,sar,1770.0
18,1600.0,sar,1780.0
18,1600.0,sar,1790.0
18,1600.0,sar,1800.0
18,1600.0,sar,1810.0
18,1600.0,sar,1820.0
18,1600.0,sar,1830.0
18,1600.0,sar,1850.0
18,1600.0,sar,1870.0
18,1600.0,sar,1880.0
18,1600.0,sar,1900.0
18,1600.0,sar,1910.0
18,1600.0,sar,1990.0
18,1600.0,sar,2000.0
18,1600.0,sar,2040.0
18,1600.0,sar,2050.0
18,1600.0,sar,2060.0
18,1600.0,sar,2070.0
18,1600.0,sar,2080.0
18,1600.0,sar,2100.0
19,1700.0,sar,1700.0
19,1700.0,sar,1710.0
19,1700.0,sar,1720.0
19,1700.0,sar,1750.0
19,1700.0,sar,1760.0
19,1700.0,sar,1770.0
19,1700.0,sar,1780.0
19,1700.0,sar,1790.0
19,1700.0,sar,1800.0
19,1700.0,sar,1810.0
19,1700.0,sar,1820.0
19,1700.0,sar,1830.0
19,1700.0,sar,1850.0
19,1700.0,sar,1870.0
19,1700.0,sar,1880.0
19,1700.0,sar,1900.0
19,1700.0,sar,1910.0
19,1700.0,sar,1990.0
19,1700.0,sar,2000.0
19,1700.0,sar,2040.0
19,1700.0,sar,2050.0
19,1700.0,sar,2060.0
19,1700.0,sar,2070.0
19,1700.0,sar,2080.0
19,1700.0,sar,2100.0
19,1700.0,sar,2110.0
19,1700.0,sar,2150.0
19,1700.0,sar,2160.0
19,1700.0,sar,2190.0
20,1800.0,sar,1800.0
20,1800.0,sar,1810.0
20,1800.0,sar,1820.0
20,1800.0,sar,1830.0
20,1800.0,sar,1850.0
20,1800.0,sar,1870.0
20,1800.0,sar,1880.0
20,1800.0,sar,1900.0
20,1800.0,sar,1910.0
20,1800.0,sar,1990.0
20,1800.0,sar,2000.0
20,1800.0,sar,2040.0
20,1800.0,sar,2050.0
20,1800.0,sar,2060.0
20,1800.0,sar,2070.0
20,1800.0,sar,2080.0
20,1800.0,sar,2100.0
20,1800.0,sar,2110.0
20,1800.0,sar,2150.0
20,1800.0,sar,2160.0
20,1800.0,sar,2190.0
20,1800.0,sar,2210.0
20,1800.0,sar,2230.0
20,1800.0,sar,2240.0
20,1800.0,sar,2300.0
21,1900.0,sar,1900.0
21,1900.0,sar,1910.0
21,1900.0,sar,1990.0
21,1900.0,sar,2000.0
21,1900.0,sar,2040.0
21,1900.0,sar,2050.0
21,1900.0,sar,2060.0
21,1900.0,sar,2070.0
21,1900.0,sar,2080.0
21,1900.0,sar,2100.0
21,1900.0,sar,2110.0
21,1900.0,sar,2150.0
21,1900.0,sar,2160.0
21,1900.0,sar,2190.0
21,1900.0,sar,2210.0
21,1900.0,sar,2230.0
21,1900.0,sar,2240.0
21,1900.0,sar,2300.0
21,1900.0,sar,2330.0
21,1900.0,sar,2380.0
21,1900.0,sar,2390.0
21,1900.0,sar,2400.0
22,2000.0,sar,2000.0
22,2000.0,sar,2040.0
22,2000.0,sar,2050.0
22,2000.0,sar,2060.0
22,2000.0,sar,2070.0
22,2000.0,sar,2080.0
22,2000.0,sar,2100.0
22,2000.0,sar,2110.0
22,2000.0,sar,2150.0
22,2000.0,sar,2160.0
22,2000.0,sar,2190.0
22,2000.0,sar,2210.0
22,2000.0,sar,2230.0
22,2000.0,sar,2240.0
22,2000.0,sar,2300.0
22,2000.0,sar,2330.0
22,2000.0,sar,2380.0
22,2000.0,sar,2390.0
22,2000.0,sar,2400.0
22,2000.0,sar,2490.0
23,2100.0,sar,2100.0
23,2100.0,sar,2110.0
23,2100.0,sar,2150.0
23,2100.0,sar,2160.0
23,2100.0,sar,2190.0
23,2100.0,sar,2210.0
23,2100.0,sar,2230.0
23,2100.0,sar,2240.0
23,2100.0,sar,2300.0
23,2100.0,sar,2330.0
23,2100.0,sar,2380.0
23,2100.0,sar,2390.0
23,2100.0,sar,2400.0
23,2100.0,sar,2490.0
24,2200.0,sar,2230.0
24,2200.0,sar,2240.0
24,2200.0,sar,2300.0
24,2200.0,sar,2330.0
24,2200.0,sar,2380.0
24,2200.0,sar,2390.0
24,2200.0,sar,2400.0
24,2200.0,sar,2490.0
25,2300.0,sar,2300.0
25,2300.0,sar,2330.0
25,2300.0,sar,2380.0
25,2300.0,sar,2390.0
25,2300.0,sar,2400.0
25,2300.0,sar,2490.0
26,2400.0,sar,2400.0
26,2400.0,sar,2490.0
62,6000.0,sar,6420.0
62,6000.0,sar,6450.0
63,6100.0,sar,6420.0
63,6100.0,sar,6450.0
63,6100.0,sar,6520.0
63,6100.0,sar,6540.0
63,6100.0,sar,6570.0
63,6100.0,sar,6580.0
64,6200.0,sar,6420.0
64,6200.0,sar,6450.0
64,6200.0,sar,6520.0
64,6200.0,sar,6540.0
64,6200.0,sar,6570.0
64,6200.0,sar,6580.0
64,6200.0,sar,6610.0
64,6200.0,sar,6620.0
64,6200.0,sar,6640.0
64,6200.0,sar,6680.0
64,6200.0,sar,6700.0
65,6300.0,sar,6420.0
65,6300.0,sar,6450.0
65,6300.0,sar,6520.0
65,6300.0,sar,6540.0
65,6300.0,sar,6570.0
65,6300.0,sar,6580.0
65,6300.0,sar,6610.0
65,6300.0,sar,6620.0
65,6300.0,sar,6640.0
65,6300.0,sar,6680.0
65,6300.0,sar,6700.0
65,6300.0,sar,6750.0
65,6300.0,sar,6790.0
65,6300.0,sar,6800.0
66,6400.0,sar,6450.0
66,6400.0,sar,6520.0
66,6400.0,sar,6540.0
66,6400.0,sar,6570.0
66,6400.0,sar,6580.0
66,6400.0,sar,6610.0
66,6400.0,sar,6620.0
66,6400.0,sar,6640.0
66,6400.0,sar,6680.0
66,6400.0,sar,6700.0
66,6400.0,sar,6750.0
66,6400.0,sar,6790.0
66,6400.0,sar,6800.0
66,6400.0,sar,6810.0
66,6400.0,sar,6840.0
66,6400.0,sar,6860.0
66,6400.0,sar,6870.0
66,6400.0,sar,6880.0
66,6400.0,sar,6890.0
66,6400.0,sar,6900.0
67,6500.0,sar,6530.0
67,6500.0,sar,6570.0
67,6500.0,sar,6580.0
67,6500.0,sar,6610.0
67,6500.0,sar,6620.0
67,6500.0,sar,6640.0
67,6500.0,sar,6680.0
67,6500.0,sar,6700.0
67,6500.0,sar,6750.0
67,6500.0,sar,6790.0
67,6500.0,sar,6800.0
67,6500.0,sar,6810.0
67,6500.0,sar,6840.0
67,6500.0,sar,6860.0
67,6500.0,sar,6870.0
67,6500.0,sar,6880.0
67,6500.0,sar,6890.0
67,6500.0,sar,6900.0
67,6500.0,sar,6910.0
67,6500.0,sar,6920.0
67,6500.0,sar,6930.0
67,6500.0,sar,6940.0
67,6500.0,sar,6950.0
67,6500.0,sar,6970.0
67,6500.0,sar,6990.0
68,6600.0,sar,6620.0
68,6600.0,sar,6640.0
68,6600.0,sar,6680.0
68,6600.0,sar,6700.0
68,6600.0,sar,6750.0
68,6600.0,sar,6790.0
68,6600.0,sar,6800.0
68,6600.0,sar,6810.0
68,6600.0,sar,6840.0
68,6600.0,sar,6860.0
68,6600.0,sar,6870.0
68,6600.0,sar,6880.0
68,6600.0,sar,6890.0
68,6600.0,sar,6900.0
68,6600.0,sar,6910.0
68,6600.0,sar,6920.0
68,6600.0,sar,6930.0
68,6600.0,sar,6940.0
68,6600.0,sar,6950.0
68,6600.0,sar,6970.0
68,6600.0,sar,6990.0
68,6600.0,sar,7090.0
68,6600.0,sar,7100.0
69,6700.0,sar,6700.0
69,6700.0,sar,6750.0
69,6700.0,sar,6790.0
69,6700.0,sar,6800.0
69,6700.0,sar,6810.0
69,6700.0,sar,6840.0
69,6700.0,sar,6860.0
69,6700.0,sar,6870.0
69,6700.0,sar,6880.0
69,6700.0,sar,6890.0
69,6700.0,sar,6900.0
69,6700.0,sar,6910.0
69,6700.0,sar,6920.0
69,6700.0,sar,6930.0
69,6700.0,sar,6940.0
69,6700.0,sar,6950.0
69,6700.0,sar,6970.0
69,6700.0,sar,6990.0
69,6700.0,sar,7090.0
69,6700.0,sar,7100.0
69,6700.0,sar,7110.0
69,6700.0,sar,7120.0
69,6700.0,sar,7130.0
69,6700.0,sar,7140.0
69,6700.0,sar,7160.0
70,6800.0,sar,6800.0
70,6800.0,sar,6810.0
70,6800.0,sar,6840.0
70,6800.0,sar,6860.0
70,6800.0,sar,6870.0
70,6800.0,sar,6880.0
70,6800.0,sar,6890.0
70,6800.0,sar,6900.0
70,6800.0,sar,6910.0
70,6800.0,sar,6920.0
70,6800.0,sar,6930.0
70,6800.0,sar,6940.0
70,6800.0,sar,6950.0
70,6800.0,sar,6970.0
70,6800.0,sar,6990.0
70,6800.0,sar,7090.0
70,6800.0,sar,7100.0
70,6800.0,sar,7110.0
70,6800.0,sar,7120.0
70,6800.0,sar,7130.0
70,6800.0,sar,7140.0
70,6800.0,sar,7160.0
70,6800.0,sar,7210.0
70,6800.0,sar,7230.0
71,6880.0,sar,6880.0
71,6880.0,sar,6890.0
71,6880.0,sar,6900.0
71,6880.0,sar,6910.0
71,6880.0,sar,6920.0
71,6880.0,sar,6930.0
71,6880.0,sar,6940.0
71,6880.0,sar,6950.0
71,6880.0,sar,6970.0
71,6880.0,sar,6990.0
71,6880.0,sar,7090.0
71,6880.0,sar,7100.0
71,6880.0,sar,7110.0
71,6880.0,sar,7120.0
71,6880.0,sar,7130.0
71,6880.0,sar,7140.0
71,6880.0,sar,7160.0
71,6880.0,sar,7210.0
71,6880.0,sar,7230.0
72,6880.0,sar,6890.0
72,6880.0,sar,6900.0
72,6880.0,sar,6910.0
72,6880.0,sar,6920.0
72,6880.0,sar,6930.0
72,6880.0,sar,6940.0
72,6880.0,sar,6950.0
72,6880.0,sar,6970.0
72,6880.0,sar,6990.0
72,6880.0,sar,7090.0
72,6880.0,sar,7100.0
72,6880.0,sar,7110.0
72,6880.0,sar,7120.0
72,6880.0,sar,7130.0
72,6880.0,sar,7140.0
72,6880.0,sar,7160.0
72,6880.0,sar,7210.0
72,6880.0,sar,7230.0
73,6900.0,sar,6900.0
73,6900.0,sar,6910.0
73,6900.0,sar,6920.0
73,6900.0,sar,6930.0
73,6900.0,sar,6940.0
73,6900.0,sar,6950.0
73,6900.0,sar,6970.0
73,6900.0,sar,6990.0
73,6900.0,sar,7090.0
73,6900.0,sar,7100.0
73,6900.0,sar,7110.0
73,6900.0,sar,7120.0
73,6900.0,sar,7130.0
73,6900.0,sar,7140.0
73,6900.0,sar,7160.0
73,6900.0,sar,7210.0
73,6900.0,sar,7230.0
73,6900.0,sar,7310.0
73,6900.0,sar,7320.0
74,6950.0,sar,6970.0
74,6950.0,sar,6990.0
74,6950.0,sar,7090.0
74,6950.0,sar,7100.0
74,6950.0,sar,7110.0
74,6950.0,sar,7120.0
74,6950.0,sar,7130.0
74,6950.0,sar,7140.0
74,6950.0,sar,7160.0
74,6950.0,sar,7210.0
74,6950.0,sar,7230.0
74,6950.0,sar,7310.0
74,6950.0,sar,7320.0
75,6950.0,sar,6970.0
75,6950.0,sar,6990.0
75,6950.0,sar,7090.0
75,6950.0,sar,7100.0
75,6950.0,sar,7110.0
75,6950.0,sar,7120.0
75,6950.0,sar,7130.0
75,6950.0,sar,7140.0
75,6950.0,sar,7160.0
75,6950.0,sar,7210.0
75,6950.0,sar,7230.0
75,6950.0,sar,7310.0
75,6950.0,sar,7320.0
76,6950.0,sar,6970.0
76,6950.0,sar,6990.0
76,6950.0,sar,7090.0
76,6950.0,sar,7100.0
76,6950.0,sar,7110.0
76,6950.0,sar,7120.0
76,6950.0,sar,7130.0
76,6950.0,sar,7140.0
76,6950.0,sar,7160.0
76,6950.0,sar,7210.0
76,6950.0,sar,7230.0
76,6950.0,sar,7310.0
76,6950.0,sar,7320.0
77,6950.0,sar,6970.0
77,6950.0,sar,6990.0
77,6950.0,sar,7090.0
77,6950.0,sar,7100.0
77,6950.0,sar,7110.0
77,6950.0,sar,7120.0
77,6950.0,sar,7130.0
77,6950.0,sar,7140.0
77,6950.0,sar,7160.0
77,6950.0,sar,7210.0
77,6950.0,sar,7230.0
77,6950.0,sar,7310.0
77,6950.0,sar,7320.0
78,6950.0,sar,6970.0
78,6950.0,sar,6990.0
78,6950.0,sar,7090.0
78,6950.0,sar,7100.0
78,6950.0,sar,7110.0
78,6950.0,sar,7120.0
78,6950.0,sar,7130.0
78,6950.0,sar,7140.0
78,6950.0,sar,7160.0
78,6950.0,sar,7210.0
78,6950.0,sar,7230.0
78,6950.0,sar,7310.0
78,6950.0,sar,7320.0
79,7084.05,sar,7100.0
79,7084.05,sar,7110.0
79,7084.05,sar,7120.0
79,7084.05,sar,7130.0
79,7084.05,sar,7140.0
79,7084.05,sar,7160.0
79,7084.05,sar,7210.0
79,7084.05,sar,7230.0
79,7084.05,sar,7310.0
79,7084.05,sar,7320.0
80,7184.05,sar,7210.0
80,7184.05,sar,7310.0
80,7184.05,sar,7320.0
80,7184.05,sar,7540.0
80,7184.05,sar,7560.0
80,7184.05,sar,7570.0
81,7284.05,sar,7310.0
81,7284.05,sar,7320.0
81,7284.05,sar,7540.0
81,7284.05,sar,7560.0
81,7284.05,sar,7570.0
81,7284.05,sar,7710.0
81,7284.05,sar,7770.0
81,7284.05,sar,7780.0
82,7384.05,sar,7540.0
82,7384.05,sar,7560.0
82,7384.05,sar,7570.0
82,7384.05,sar,7710.0
82,7384.05,sar,7770.0
82,7384.05,sar,7780.0
82,7384.05,sar,7790.0
82,7384.05,sar,7810.0
82,7384.05,sar,7820.0
82,7384.05,sar,7840.0
82,7384.05,sar,7850.0
82,7384.05,sar,7860.0
83,7484.05,sar,7540.0
83,7484.05,sar,7560.0
83,7484.05,sar,7570.0
83,7484.05,sar,7710.0
83,7484.05,sar,7770.0
83,7484.05,sar,7780.0
83,7484.05,sar,7790.0
83,7484.05,sar,7810.0
83,7484.05,sar,7820.0
83,7484.05,sar,7840.0
83,7484.05,sar,7850.0
83,7484.05,sar,7860.0
83,7484.05,sar,7890.0
83,7484.05,sar,7930.0
83,7484.05,sar,7940.0
84,7584.05,sar,7710.0
84,7584.05,sar,7770.0
84,7584.05,sar,7780.0
84,7584.05,sar,7790.0
84,7584.05,sar,7810.0
84,7584.05,sar,7820.0
84,7584.05,sar,7840.0
84,7584.05,sar,7850.0
84,7584.05,sar,7860.0
84,7584.05,sar,7890.0
84,7584.05,sar,7930.0
84,7584.05,sar,7940.0
84,7584.05,sar,7990.0
84,7584.05,sar,8010.0
84,7584.05,sar,8040.0
84,7584.05,sar,8080.0
85,7684.05,sar,7720.0
85,7684.05,sar,7770.0
85,7684.05,sar,7780.0
85,7684.05,sar,7790.0
85,7684.05,sar,7810.0
85,7684.05,sar,7820.0
85,7684.05,sar,7840.0
85,7684.05,sar,7850.0
85,7684.05,sar,7860.0
85,7684.05,sar,7890.0
85,7684.05,sar,7930.0
85,7684.05,sar,7940.0
85,7684.05,sar,7990.0
85,7684.05,sar,8010.0
85,7684.05,sar,8040.0
85,7684.05,sar,8080.0
85,7684.05,sar,8090.0
85,7684.05,sar,8110.0
85,7684.05,sar,8120.0
85,7684.05,sar,8130.0
85,7684.05,sar,8150.0
86,7784.05,sar,7790.0
86,7784.05,sar,7810.0
86,7784.05,sar,7820.0
86,7784.05,sar,7840.0
86,7784.05,sar,7850.0
86,7784.05,sar,7860.0
86,7784.05,sar,7890.0
86,7784.05,sar,7930.0
86,7784.05,sar,7940.0
86,7784.05,sar,7990.0
86,7784.05,sar,8010.0
86,7784.05,sar,8040.0
86,7784.05,sar,8080.0
86,7784.05,sar,8090.0
86,7784.05,sar,8110.0
86,7784.05,sar,8120.0
86,7784.05,sar,8130.0
86,7784.05,sar,8150.0
86,7784.05,sar,8200.0
86,7784.05,sar,8220.0
86,7784.05,sar,8230.0
87,7884.05,sar,7900.0
87,7884.05,sar,7930.0
87,7884.05,sar,7940.0
87,7884.05,sar,7990.0
87,7884.05,sar,8010.0
87,7884.05,sar,8040.0
87,7884.05,sar,8080.0
87,7884.05,sar,8090.0
87,7884.05,sar,8110.0
87,7884.05,sar,8120.0
87,7884.05,sar,8130.0
87,7884.05,sar,8150.0
87,7884.05,sar,8200.0
87,7884.05,sar,8220.0
87,7884.05,sar,8230.0
87,7884.05,sar,8320.0
87,7884.05,sar,8350.0
88,7984.05,sar,8010.0
88,7984.05,sar,8040.0
88,7984.05,sar,8080.0
88,7984.05,sar,8090.0
88,7984.05,sar,8110.0
88,7984.05,sar,8120.0
88,7984.05,sar,8130.0
88,7984.05,sar,8150.0
88,7984.05,sar,8200.0
88,7984.05,sar,8220.0
88,7984.05,sar,8230.0
88,7984.05,sar,8320.0
88,7984.05,sar,8350.0
88,7984.05,sar,8440.0
88,7984.05,sar,8450.0
89,8084.05,sar,8090.0
89,8084.05,sar,8100.0
89,8084.05,sar,8120.0
89,8084.05,sar,8130.0
89,8084.05,sar,8150.0
89,8084.05,sar,8200.0
89,8084.05,sar,8220.0
89,8084.05,sar,8230.0
89,8084.05,sar,8320.0
89,8084.05,sar,8350.0
89,8084.05,sar,8440.0
89,8084.05,sar,8450.0
89,8084.05,sar,8580.0
90,8184.05,sar,8200.0
90,8184.05,sar,8220.0
90,8184.05,sar,8320.0
90,8184.05,sar,8350.0
90,8184.05,sar,8440.0
90,8184.05,sar,8450.0
90,8184.05,sar,8580.0
90,8184.05,sar,8610.0
90,8184.05,sar,8650.0
90,8184.05,sar,8680.0
91,8284.05,sar,8320.0
91,8284.05,sar,8350.0
91,8284.05,sar,8440.0
91,8284.05,sar,8450.0
91,8284.05,sar,8580.0
91,8284.05,sar,8610.0
91,8284.05,sar,8650.0
91,8284.05,sar,8680.0
91,8284.05,sar,8710.0
91,8284.05,sar,8740.0
91,8284.05,sar,8760.0
92,8384.05,sar,8440.0
92,8384.05,sar,8450.0
92,8384.05,sar,8580.0
92,8384.05,sar,8610.0
92,8384.05,sar,8650.0
92,8384.05,sar,8680.0
92,8384.05,sar,8710.0
92,8384.05,sar,8740.0
92,8384.05,sar,8760.0
93,8484.05,sar,8580.0
93,8484.05,sar,8610.0
93,8484.05,sar,8650.0
93,8484.05,sar,8680.0
93,8484.05,sar,8710.0
93,8484.05,sar,8740.0
93,8484.05,sar,8760.0
93,8484.05,sar,8890.0
94,8580.0,sar,8610.0
94,8580.0,sar,8650.0
94,8580.0,sar,8680.0
94,8580.0,sar,8710.0
94,8580.0,sar,8740.0
94,8580.0,sar,8760.0
94,8580.0,sar,8890.0
95,8580.0,sar,8580.0
95,8580.0,sar,8580.0
95,8580.0,sar,8610.0
95,8580.0,sar,8650.0
95,8580.0,sar,8680.0
95,8580.0,sar,8710.0
95,8580.0,sar,8740.0
95,8580.0,sar,8760.0
95,8580.0,sar,8890.0
96,8580.0,sar,8610.0
96,8580.0,sar,8650.0
96,8580.0,sar,8680.0
96,8580.0,sar,8710.0
96,8580.0,sar,8740.0
96,8580.0,sar,8760.0
96,8580.0,sar,8890.0
97,8588.97,sar,8590.0
97,8588.97,sar,8650.0
97,8588.97,sar,8680.0
97,8588.97,sar,8710.0
97,8588.97,sar,8740.0
97,8588.97,sar,8760.0
97,8588.97,sar,8890.0
98,8590.0,sar,8650.0
98,8590.0,sar,8680.0
98,8590.0,sar,8710.0
98,8590.0,sar,8740.0
98,8590.0,sar,8760.0
98,8590.0,sar,8890.0
99,8704.34,sar,8730.0
99,8704.34,sar,8750.0
99,8704.34,sar,8760.0
99,8704.34,sar,8890.0
99,8704.34,sar,9170.0
100,8804.34,sar,8890.0
100,8804.34,sar,9170.0
100,8804.34,sar,9210.0
100,8804.34,sar,9230.0
101,8904.34,sar,9170.0
101,8904.34,sar,9210.0
101,8904.34,sar,9230.0
102,9004.34,sar,9170.0
102,9004.34,sar,9210.0
102,9004.34,sar,9230.0
103,9104.34,sar,9170.0
103,9104.34,sar,9210.0
103,9104.34,sar,9230.0
104,9204.34,sar,9230.0
135,12304.34,sar,12730.0
135,12304.34,sar,12750.0
135,12304.34,sar,12770.0
135,12304.34,sar,12790.0
135,12304.34,sar,12800.0
136,12404.34,sar,12730.0
136,12404.34,sar,12750.0
136,12404.34,sar,12770.0
136,12404.34,sar,12790.0
136,12404.34,sar,12800.0
136,12404.34,sar,12810.0
136,12404.34,sar,12820.0
136,12404.34,sar,12850.0
136,12404.34,sar,12860.0
136,12404.34,sar,12870.0
136,12404.34,sar,12880.0
136,12404.34,sar,12900.0
137,12504.34,sar,12730.0
137,12504.34,sar,12750.0
137,12504.34,sar,12770.0
137,12504.34,sar,12790.0
137,12504.34,sar,12800.0
137,12504.34,sar,12810.0
137,12504.34,sar,12820.0
137,12504.34,sar,12850.0
137,12504.34,sar,12860.0
137,12504.34,sar,12870.0
137,12504.34,sar,12880.0
137,12504.34,sar,12900.0
137,12504.34,sar,12910.0
137,12504.34,sar,12930.0
137,12504.34,sar,12940.0
137,12504.34,sar,12950.0
137,12504.34,sar,12960.0
137,12504.34,sar,12970.0
137,12504.34,sar,12980.0
137,12504.34,sar,12990.0
137,12504.34,sar,13000.0
138,12604.34,sar,12730.0
138,12604.34,sar,12750.0
138,12604.34,sar,12770.0
138,12604.34,sar,12790.0
138,12604.34,sar,12800.0
138,12604.34,sar,12810.0
138,12604.34,sar,12820.0
138,12604.34,sar,12850.0
138,12604.34,sar,12860.0
138,12604.34,sar,12870.0
138,12604.34,sar,12880.0
138,12604.34,sar,12900.0
138,12604.34,sar,12910.0
138,12604.34,sar,12930.0
138,12604.34,sar,12940.0
138,12604.34,sar,12950.0
138,12604.34,sar,12960.0
138,12604.34,sar,12970.0
138,12604.34,sar,12980.0
138,12604.34,sar,12990.0
138,12604.34,sar,13000.0
138,12604.34,sar,13020.0
138,12604.34,sar,13030.0
138,12604.34,sar,13040.0
138,12604.34,sar,13050.0
138,12604.34,sar,13060.0
138,12604.34,sar,13080.0
138,12604.34,sar,13090.0
138,12604.34,sar,13100.0
139,12704.34,sar,12740.0
139,12704.34,sar,12750.0
139,12704.34,sar,12760.0
139,12704.34,sar,12780.0
139,12704.34,sar,12790.0
139,12704.34,sar,12810.0
139,12704.34,sar,12820.0
139,12704.34,sar,12830.0
139,12704.34,sar,12860.0
139,12704.34,sar,12890.0
139,12704.34,sar,12900.0
139,12704.34,sar,12910.0
139,12704.34,sar,12940.0
139,12704.34,sar,12950.0
139,12704.34,sar,12960.0
139,12704.34,sar,12980.0
139,12704.34,sar,12990.0
139,12704.34,sar,13000.0
139,12704.34,sar,13020.0
139,12704.34,sar,13030.0
139,12704.34,sar,13040.0
139,12704.34,sar,13050.0
139,12704.34,sar,13060.0
139,12704.34,sar,13080.0
139,12704.34,sar,13090.0
139,12704.34,sar,13100.0
139,12704.34,sar,13110.0
139,12704.34,sar,13120.0
139,12704.34,sar,13130.0
139,12704.34,sar,13160.0
139,12704.34,sar,13170.0
139,12704.34,sar,13180.0
139,12704.34,sar,13190.0
139,12704.34,sar,13200.0
140,12750.0,sar,12760.0
140,12750.0,sar,12780.0
140,12750.0,sar,12790.0
140,12750.0,sar,12810.0
140,12750.0,sar,12820.0
140,12750.0,sar,12830.0
140,12750.0,sar,12860.0
140,12750.0,sar,12890.0
140,12750.0,sar,12900.0
140,12750.0,sar,12910.0
140,12750.0,sar,12940.0
140,12750.0,sar,12950.0
140,12750.0,sar,12960.0
140,12750.0,sar,12980.0
140,12750.0,sar,12990.0
140,12750.0,sar,13000.0
140,12750.0,sar,13020.0
140,12750.0,sar,13030.0
140,12750.0,sar,13040.0
140,12750.0,sar,13050.0
140,12750.0,sar,13060.0
140,12750.0,sar,13080.0
140,12750.0,sar,13090.0
140,12750.0,sar,13100.0
140,12750.0,sar,13110.0
140,12750.0,sar,13120.0
140,12750.0,sar,13130.0
140,12750.0,sar,13160.0
140,12750.0,sar,13170.0
140,12750.0,sar,13180.0
140,12750.0,sar,13190.0
140,12750.0,sar,13200.0
141,12750.0,sar,12760.0
141,12750.0,sar,12780.0
141,12750.0,sar,12790.0
141,12750.0,sar,12810.0
141,12750.0,sar,12820.0
141,12750.0,sar,12830.0
141,12750.0,sar,12860.0
141,12750.0,sar,12890.0
141,12750.0,sar,12900.0
141,12750.0,sar,12910.0
141,12750.0,sar,12940.0
141,12750.0,sar,12950.0
141,12750.0,sar,12960.0
141,12750.0,sar,12980.0
141,12750.0,sar,12990.0
141,12750.0,sar,13000.0
141,12750.0,sar,13020.0
141,12750.0,sar,13030.0
141,12750.0,sar,13040.0
141,12750.0,sar,13050.0
141,12750.0,sar,13060.0
141,12750.0,sar,13080.0
141,12750.0,sar,13090.0
141,12750.0,sar,13100.0
141,12750.0,sar,13110.0
141,12750.0,sar,13120.0
141,12750.0,sar,13130.0
141,12750.0,sar,13160.0
141,12750.0,sar,13170.0
141,12750.0,sar,13180.0
141,12750.0,sar,13190.0
141,12750.0,sar,13200.0
142,12750.0,sar,12760.0
142,12750.0,sar,12780.0
142,12750.0,sar,12790.0
142,12750.0,sar,12810.0
142,12750.0,sar,12820.0
142,12750.0,sar,12830.0
142,12750.0,sar,12860.0
142,12750.0,sar,12890.0
142,12750.0,sar,12900.0
142,12750.0,sar,12910.0
142,12750.0,sar,12940.0
142,12750.0,sar,12950.0
142,12750.0,sar,12960.0
142,12750.0,sar,12980.0
142,12750.0,sar,12990.0
142,12750.0,sar,13000.0
142,12750.0,sar,13020.0
142,12750.0,sar,13030.0
142,12750.0,sar,13040.0
142,12750.0,sar,13050.0
142,12750.0,sar,13060.0
142,12750.0,sar,13080.0
142,12750.0,sar,13090.0
142,12750.0,sar,13100.0
142,12750.0,sar,13110.0
142,12750.0,sar,13120.0
142,12750.0,sar,13130.0
142,12750.0,sar,13160.0
142,12750.0,sar,13170.0
142,12750.0,sar,13180.0
142,12750.0,sar,13190.0
142,12750.0,sar,13200.0
143,12750.0,sar,12760.0
143,12750.0,sar,12780.0
143,12750.0,sar,12790.0
143,12750.0,sar,12810.0
143,12750.0,sar,12820.0
143,12750.0,sar,12830.0
143,12750.0,sar,12860.0
143,12750.0,sar,12890.0
143,12750.0,sar,12900.0
143,12750.0,sar,12910.0
143,12750.0,sar,12940.0
143,12750.0,sar,12950.0
143,12750.0,sar,12960.0
143,12750.0,sar,12980.0
143,12750.0,sar,12990.0
143,12750.0,sar,13000.0
143,12750.0,sar,13020.0
143,12750.0,sar,13030.0
143,12750.0,sar,13040.0
143,12750.0,sar,13050.0
143,12750.0,sar,13060.0
143,12750.0,sar,13080.0
143,12750.0,sar,13090.0
143,12750.0,sar,13100.0
143,12750.0,sar,13110.0
143,12750.0,sar,13120.0
143,12750.0,sar,13130.0
143,12750.0,sar,13160.0
143,12750.0,sar,13170.0
143,12750.0,sar,13180.0
143,12750.0,sar,13190.0
143,12750.0,sar,13200.0
144,12750.0,sar,12760.0
144,12750.0,sar,12780.0
144,12750.0,sar,12790.0
144,12750.0,sar,12810.0
144,12750.0,sar,12820.0
144,12750.0,sar,12830.0
144,12750.0,sar,12860.0
144,12750.0,sar,12890.0
144,12750.0,sar,12900.0
144,12750.0,sar,12910.0
144,12750.0,sar,12940.0
144,12750.0,sar,12950.0
144,12750.0,sar,12960.0
144,12750.0,sar,12980.0
144,12750.0,sar,12990.0
144,12750.0,sar,13000.0
144,12750.0,sar,13020.0
144,12750.0,sar,13030.0
144,12750.0,sar,13040.0
144,12750.0,sar,13050.0
144,12750.0,sar,13060.0
144,12750.0,sar,13080.0
144,12750.0,sar,13090.0
144,12750.0,sar,13100.0
144,12750.0,sar,13110.0
144,12750.0,sar,13120.0
144,12750.0,sar,13130.0
144,12750.0,sar,13160.0
144,12750.0,sar,13170.0
144,12750.0,sar,13180.0
144,12750.0,sar,13190.0
144,12750.0,sar,13200.0
145,12810.0,sar,12810.0
145,12810.0,sar,12820.0
145,12810.0,sar,12830.0
145,12810.0,sar,12860.0
145,12810.0,sar,12890.0
145,12810.0,sar,12900.0
145,12810.0,sar,12910.0
145,12810.0,sar,12940.0
145,12810.0,sar,12950.0
145,12810.0,sar,12960.0
145,12810.0,sar,12980.0
145,12810.0,sar,12990.0
145,12810.0,sar,13000.0
145,12810.0,sar,13020.0
145,12810.0,sar,13030.0
145,12810.0,sar,13040.0
145,12810.0,sar,13050.0
145,12810.0,sar,13060.0
145,12810.0,sar,13080.0
145,12810.0,sar,13090.0
145,12810.0,sar,13100.0
145,12810.0,sar,13110.0
145,12810.0,sar,13120.0
145,12810.0,sar,13130.0
145,12810.0,sar,13160.0
145,12810.0,sar,13170.0
145,12810.0,sar,13180.0
145,12810.0,sar,13190.0
145,12810.0,sar,13200.0
145,12810.0,sar,13210.0
145,12810.0,sar,13230.0
145,12810.0,sar,13240.0
145,12810.0,sar,13250.0
145,12810.0,sar,13270.0
145,12810.0,sar,13280.0
145,12810.0,sar,13290.0
146,12910.0,sar,12910.0
146,12910.0,sar,12940.0
146,12910.0,sar,12950.0
146,12910.0,sar,12960.0
146,12910.0,sar,12980.0
146,12910.0,sar,12990.0
146,12910.0,sar,13000.0
146,12910.0,sar,13020.0
146,12910.0,sar,13030.0
146,12910.0,sar,13040.0
146,12910.0,sar,13050.0
146,12910.0,sar,13060.0
146,12910.0,sar,13080.0
146,12910.0,sar,13090.0
146,12910.0,sar,13100.0
146,12910.0,sar,13110.0
146,12910.0,sar,13120.0
146,12910.0,sar,13130.0
146,12910.0,sar,13160.0
146,12910.0,sar,13170.0
146,12910.0,sar,13180.0
146,12910.0,sar,13190.0
146,12910.0,sar,13200.0
146,12910.0,sar,13210.0
146,12910.0,sar,13230.0
146,12910.0,sar,13240.0
146,12910.0,sar,13250.0
146,12910.0,sar,13270.0
146,12910.0,sar,13280.0
146,12910.0,sar,13290.0
146,12910.0,sar,13320.0
146,12910.0,sar,13400.0
146,12910.0,sar,13410.0
147,13010.0,sar,13030.0
147,13010.0,sar,13040.0
147,13010.0,sar,13050.0
147,13010.0,sar,13060.0
147,13010.0,sar,13080.0
147,13010.0,sar,13090.0
147,13010.0,sar,13100.0
147,13010.0,sar,13110.0
147,13010.0,sar,13120.0
147,13010.0,sar,13130.0
147,13010.0,sar,13160.0
147,13010.0,sar,13170.0
147,13010.0,sar,13180.0
147,13010.0,sar,13190.0
147,13010.0,sar,13200.0
147,13010.0,sar,13210.0
147,13010.0,sar,13230.0
147,13010.0,sar,13240.0
147,13010.0,sar,13250.0
147,13010.0,sar,13270.0
147,13010.0,sar,13280.0
147,13010.0,sar,13290.0
147,13010.0,sar,13320.0
147,13010.0,sar,13400.0
147,13010.0,sar,13410.0
148,13100.0,sar,13110.0
148,13100.0,sar,13120.0
148,13100.0,sar,13130.0
148,13100.0,sar,13160.0
148,13100.0,sar,13170.0
148,13100.0,sar,13180.0
148,13100.0,sar,13190.0
148,13100.0,sar,13200.0
148,13100.0,sar,13210.0
148,13100.0,sar,13230.0
148,13100.0,sar,13240.0
148,13100.0,sar,13250.0
148,13100.0,sar,13270.0
148,13100.0,sar,13280.0
148,13100.0,sar,13290.0
148,13100.0,sar,13320.0
148,13100.0,sar,13400.0
148,13100.0,sar,13410.0
149,13100.0,sar,13100.0
149,13100.0,sar,13100.0
149,13100.0,sar,13100.0
149,13100.0,sar,13110.0
149,13100.0,sar,13120.0
149,13100.0,sar,13130.0
149,13100.0,sar,13160.0
149,13100.0,sar,13170.0
149,13100.0,sar,13180.0
149,13100.0,sar,13190.0
149,13100.0,sar,13200.0
149,13100.0,sar,13210.0
149,13100.0,sar,13230.0
149,13100.0,sar,13240.0
149,13100.0,sar,13250.0
149,13100.0,sar,13270.0
149,13100.0,sar,13280.0
149,13100.0,sar,13290.0
149,13100.0,sar,13320.0
149,13100.0,sar,13400.0
149,13100.0,sar,13410.0
150,13100.0,sar,13110.0
150,13100.0,sar,13120.0
150,13100.0,sar,13130.0
150,13100.0,sar,13160.0
150,13100.0,sar,13170.0
150,13100.0,sar,13180.0
150,13100.0,sar,13190.0
150,13100.0,sar,13200.0
150,13100.0,sar,13210.0
150,13100.0,sar,13230.0
150,13100.0,sar,13240.0
150,13100.0,sar,13250.0
150,13100.0,sar,13270.0
150,13100.0,sar,13280.0
150,13100.0,sar,13290.0
150,13100.0,sar,13320.0
150,13100.0,sar,13400.0
150,13100.0,sar,13410.0
151,13100.0,sar,13110.0
151,13100.0,sar,13120.0
151,13100.0,sar,13130.0
151,13100.0,sar,13160.0
151,13100.0,sar,13170.0
151,13100.0,sar,13180.0
151,13100.0,sar,13190.0
151,13100.0,sar,13200.0
151,13100.0,sar,13210.0
151,13100.0,sar,13230.0
151,13100.0,sar,13240.0
151,13100.0,sar,13250.0
151,13100.0,sar,13270.0
151,13100.0,sar,13280.0
151,13100.0,sar,13290.0
151,13100.0,sar,13320.0
151,13100.0,sar,13400.0
151,13100.0,sar,13410.0
152,13110.0,sar,13110.0
152,13110.0,sar,13120.0
152,13110.0,sar,13130.0
152,13110.0,sar,13160.0
152,13110.0,sar,13170.0
152,13110.0,sar,13180.0
152,13110.0,sar,13190.0
152,13110.0,sar,13200.0
152,13110.0,sar,13210.0
152,13110.0,sar,13230.0
152,13110.0,sar,13240.0
152,13110.0,sar,13250.0
152,13110.0,sar,13270.0
152,13110.0,sar,13280.0
152,13110.0,sar,13290.0
152,13110.0,sar,13320.0
152,13110.0,sar,13400.0
152,13110.0,sar,13410.0
153,13210.0,sar,13210.0
153,13210.0,sar,13230.0
153,13210.0,sar,13240.0
153,13210.0,sar,13250.0
153,13210.0,sar,13270.0
153,13210.0,sar,13280.0
153,13210.0,sar,13290.0
153,13210.0,sar,13320.0
153,13210.0,sar,13400.0
153,13210.0,sar,13410.0
154,13310.0,sar,13400.0
154,13310.0,sar,13410.0
155,13410.0,sar,13410.0
155,13410.0,sar,13820.0
155,13410.0,sar,13830.0
155,13410.0,sar,13840.0
155,13410.0,sar,13850.0
156,13510.0,sar,13820.0
156,13510.0,sar,13830.0
156,13510.0,sar,13840.0
156,13510.0,sar,13850.0
156,13510.0,sar,14000.0
156,13510.0,sar,14010.0
157,13610.0,sar,13820.0
157,13610.0,sar,13830.0
157,13610.0,sar,13840.0
157,13610.0,sar,13850.0
157,13610.0,sar,14000.0
157,13610.0,sar,14010.0
157,13610.0,sar,14050.0
158,13710.0,sar,13820.0
158,13710.0,sar,13830.0
158,13710.0,sar,13840.0
158,13710.0,sar,13850.0
158,13710.0,sar,14000.0
158,13710.0,sar,14010.0
158,13710.0,sar,14050.0
158,13710.0,sar,14180.0
158,13710.0,sar,14190.0
158,13710.0,sar,14210.0
159,13810.0,sar,13820.0
159,13810.0,sar,13840.0
159,13810.0,sar,13850.0
159,13810.0,sar,14000.0
159,13810.0,sar,14010.0
159,13810.0,sar,14050.0
159,13810.0,sar,14180.0
159,13810.0,sar,14190.0
159,13810.0,sar,14210.0
160,13910.0,sar,14000.0
160,13910.0,sar,14010.0
160,13910.0,sar,14050.0
160,13910.0,sar,14180.0
160,13910.0,sar,14190.0
160,13910.0,sar,14210.0
161,14010.0,sar,14010.0
161,14010.0,sar,14050.0
161,14010.0,sar,14180.0
161,14010.0,sar,14190.0
161,14010.0,sar,14210.0
162,14110.0,sar,14180.0
162,14110.0,sar,14190.0
162,14110.0,sar,14210.0
162,14110.0,sar,14590.0
162,14110.0,sar,14600.0
163,14190.0,sar,14210.0
163,14190.0,sar,14590.0
163,14190.0,sar,14600.0
164,14190.0,sar,14190.0
164,14190.0,sar,14190.0
164,14190.0,sar,14190.0
164,14190.0,sar,14210.0
164,14190.0,sar,14590.0
164,14190.0,sar,14600.0
165,14190.0,sar,14210.0
165,14190.0,sar,14590.0
165,14190.0,sar,14600.0
166,14210.0,sar,14210.0
166,14210.0,sar,14590.0
166,14210.0,sar,14600.0
166,14210.0,sar,14630.0
166,14210.0,sar,14650.0
166,14210.0,sar,14690.0
167,14310.0,sar,14590.0
167,14310.0,sar,14600.0
167,14310.0,sar,14630.0
167,14310.0,sar,14650.0
167,14310.0,sar,14690.0
167,14310.0,sar,14750.0
168,14410.0,sar,14590.0
168,14410.0,sar,14600.0
168,14410.0,sar,14630.0
168,14410.0,sar,14650.0
168,14410.0,sar,14690.0
168,14410.0,sar,14750.0
168,14410.0,sar,14840.0
168,14410.0,sar,14860.0
169,14510.0,sar,14590.0
169,14510.0,sar,14600.0
169,14510.0,sar,14630.0
169,14510.0,sar,14650.0
169,14510.0,sar,14690.0
169,14510.0,sar,14750.0
169,14510.0,sar,14840.0
169,14510.0,sar,14860.0
170,14610.0,sar,14630.0
170,14610.0,sar,14650.0
170,14610.0,sar,14690.0
170,14610.0,sar,14750.0
170,14610.0,sar,14840.0
170,14610.0,sar,14860.0
170,14610.0,sar,15040.0
171,14710.0,sar,14840.0
171,14710.0,sar,14860.0
171,14710.0,sar,15040.0
171,14710.0,sar,15130.0
171,14710.0,sar,15200.0
171,14710.0,sar,15210.0
172,14810.0,sar,14840.0
172,14810.0,sar,14860.0
172,14810.0,sar,15040.0
172,14810.0,sar,15130.0
172,14810.0,sar,15200.0
172,14810.0,sar,15210.0
172,14810.0,sar,15310.0
173,14910.0,sar,15040.0
173,14910.0,sar,15130.0
173,14910.0,sar,15200.0
173,14910.0,sar,15210.0
173,14910.0,sar,15310.0
173,14910.0,sar,15340.0
173,14910.0,sar,15350.0
173,14910.0,sar,15360.0
174,15010.0,sar,15040.0
174,15010.0,sar,15130.0
174,15010.0,sar,15200.0
174,15010.0,sar,15210.0
174,15010.0,sar,15310.0
174,15010.0,sar,15340.0
174,15010.0,sar,15350.0
174,15010.0,sar,15360.0
175,15110.0,sar,15130.0
175,15110.0,sar,15200.0
175,15110.0,sar,15210.0
175,15110.0,sar,15310.0
175,15110.0,sar,15340.0
175,15110.0,sar,15350.0
175,15110.0,sar,15360.0
176,15210.0,sar,15210.0
176,15210.0,sar,15310.0
176,15210.0,sar,15340.0
176,15210.0,sar,15350.0
176,15210.0,sar,15360.0
177,15310.0,sar,15310.0
177,15310.0,sar,15340.0
177,15310.0,sar,15350.0
177,15310.0,sar,15360.0
189,16510.0,sar,16980.0
189,16510.0,sar,16990.0
189,16510.0,sar,17000.0
189,16510.0,sar,17010.0
190,16610.0,sar,16980.0
190,16610.0,sar,16990.0
190,16610.0,sar,17000.0
190,16610.0,sar,17010.0
190,16610.0,sar,17020.0
190,16610.0,sar,17030.0
191,16710.0,sar,16980.0
191,16710.0,sar,16990.0
191,16710.0,sar,17000.0
191,16710.0,sar,17010.0
191,16710.0,sar,17020.0
191,16710.0,sar,17030.0
192,16810.0,sar,16980.0
192,16810.0,sar,16990.0
192,16810.0,sar,17000.0
192,16810.0,sar,17010.0
192,16810.0,sar,17020.0
192,16810.0,sar,17030.0
193,16910.0,sar,16980.0
193,16910.0,sar,16990.0
193,16910.0,sar,17000.0
193,16910.0,sar,17010.0
193,16910.0,sar,17020.0
193,16910.0,sar,17030.0
194,17010.0,sar,17010.0
194,17010.0,sar,17020.0
194,17010.0,sar,17030.0
195,17010.0,sar,17020.0
195,17010.0,sar,17030.0
196,17010.0,sar,17010.0
196,17010.0,sar,17020.0
196,17010.0,sar,17030.0
197,17010.0,sar,17010.0
197,17010.0,sar,17010.0
197,17010.0,sar,17020.0
197,17010.0,sar,17030.0
198,17010.0,sar,17020.0
198,17010.0,sar,17030.0
199,17010.0,sar,17020.0
199,17010.0,sar,17030.0
200,17010.0,sar,17020.0
200,17010.0,sar,17030.0
201,17010.0,sar,17020.0
201,17010.0,sar,17030.0
202,17010.0,sar,17020.0
202,17010.0,sar,17030.0
